{
    "CameraSpeed": 10.100000381469727,
    "GraphicsAPI": 2,
    "MaxChunkSize": 12,
    "Volume": 0.10000000149011612
}